mice.brM <-
list(Analysis = "glm", Unmask = list(`Randomization Date` = "Wed Dec 28 10:16:36 2022", 
    Variable = structure(list(BlindVar = 1:2, OrigVar = structure(2:1, levels = c("0", 
    "1"), class = "factor")), row.names = 2:1, class = "data.frame"), 
    Observations = structure(list(BlindVar = c(1, 1, 1, 1, 1, 
    2, 2, 2, 2, 2, 2, 2, 2, 2), MaskedObs = c(7L, 8L, 11L, 12L, 
    14L, 1L, 2L, 3L, 4L, 5L, 6L, 9L, 10L, 13L), OriginalVar = structure(c(2L, 
    2L, 2L, 2L, 2L, 1L, 1L, 1L, 1L, 1L, 1L, 1L, 1L, 1L), levels = c("0", 
    "1"), class = "factor"), OriginalObs = c(12L, 11L, 14L, 13L, 
    10L, 3L, 7L, 1L, 5L, 4L, 6L, 8L, 9L, 2L)), row.names = c(12L, 
    11L, 14L, 13L, 10L, 3L, 7L, 1L, 5L, 4L, 6L, 8L, 9L, 2L), class = "data.frame")), 
    `Rows in stage` = list(NULL, NULL, c(13, 3, 1), c(1L, 3L, 
    10L, 13L), c(2L, 3L, 5L, 10L, 13L), c(2L, 3L, 4L, 5L, 10L, 
    13L), c(1L, 2L, 3L, 4L, 5L, 10L, 13L), c(1L, 2L, 3L, 4L, 
    5L, 6L, 10L, 13L), c(1L, 2L, 3L, 4L, 5L, 6L, 10L, 11L, 13L
    ), c(1L, 2L, 3L, 4L, 5L, 6L, 10L, 11L, 12L, 13L), c(1L, 2L, 
    3L, 4L, 5L, 6L, 7L, 10L, 11L, 12L, 13L), c(1L, 2L, 3L, 4L, 
    5L, 6L, 7L, 8L, 10L, 11L, 12L, 13L), c(1L, 2L, 3L, 4L, 5L, 
    6L, 7L, 8L, 10L, 11L, 12L, 13L, 14L), 1:14), `Standardized residuals` = NULL, 
    `Number of model parameters` = 3L, Sigma = NULL, `Fixed parameter estimates` = structure(list(
        m = 1:14, `(Intercept)` = c(0, 0, -149.69584273274728, 
        -4.8973897676910303, -4.0982592153278166, -4.0687252205955833, 
        -4.8980837864295443, -4.1409893983543808, -3.1945879927308396, 
        -2.7367614206269169, -2.4973475809177135, -2.2317865440191071, 
        -2.2184952256890025, -1.7847888469111133), dose = c(0, 
        0, 6.9388380050689022, 0.20479286339768249, 0.1668900979224569, 
        0.16547880872342641, 0.20482560114573334, 0.16893031014639584, 
        0.12827765671735647, 0.10989697418518185, 0.097319878746352173, 
        0.082777368422657469, 0.069251609434797912, 0.052120128540779527
        ), prep2 = c(0, 0, 99.884285810337047, 1.9135095229513523, 
        1.562313215245035, 1.5834293216154047, 2.0039371012047416, 
        1.4716389969266752, 0.9482374231322509, 0.67005565176962079, 
        0.49718100478873151, 0.34480307673235749, 0.56684026588696068, 
        0.26987059011899778)), class = "data.frame", row.names = c(NA, 
    -14L)), `s^2` = NULL, Leverage = structure(c(3, 3, 3, 4, 
    4, 4, 4, 5, 5, 5, 5, 5, 6, 6, 6, 6, 6, 6, 7, 7, 7, 7, 7, 
    7, 7, 8, 8, 8, 8, 8, 8, 8, 8, 9, 9, 9, 9, 9, 9, 9, 9, 9, 
    10, 10, 10, 10, 10, 10, 10, 10, 10, 10, 11, 11, 11, 11, 11, 
    11, 11, 11, 11, 11, 11, 12, 12, 12, 12, 12, 12, 12, 12, 12, 
    12, 12, 12, 13, 13, 13, 13, 13, 13, 13, 13, 13, 13, 13, 13, 
    13, 14, 14, 14, 14, 14, 14, 14, 14, 14, 14, 14, 14, 14, 14, 
    13, 3, 1, 1, 3, 10, 13, 2, 3, 5, 10, 13, 2, 3, 4, 5, 10, 
    13, 1, 2, 3, 4, 5, 10, 13, 1, 2, 3, 4, 5, 6, 10, 13, 1, 2, 
    3, 4, 5, 6, 10, 11, 13, 1, 2, 3, 4, 5, 6, 10, 11, 12, 13, 
    1, 2, 3, 4, 5, 6, 7, 10, 11, 12, 13, 1, 2, 3, 4, 5, 6, 7, 
    8, 10, 11, 12, 13, 1, 2, 3, 4, 5, 6, 7, 8, 10, 11, 12, 13, 
    14, 1, 2, 3, 4, 5, 6, 7, 8, 9, 10, 11, 12, 13, 14, 0.0190582275390625, 
    0.064574718475341797, 2719677774.8978291, 0.095486454945324484, 
    0.074783787098671312, 0.75746640691842682, 0.018222971811035778, 
    0.038895860794178422, 0.023960022868464825, 0.022113444032008267, 
    0.32368887941959612, 0.01876673972191778, 0.031680388122399664, 
    0.01779488149457642, 0.013211614257957872, 0.016982594913369994, 
    0.31186309852348404, 0.0187908212125589, 0.060046720301303591, 
    0.033649039686525231, 0.018081729733881557, 0.013382171251364636, 
    0.018815567755376336, 0.37846145857103169, 0.018051452619321111, 
    0.044656586547642763, 0.028651327570811541, 0.017195407998328256, 
    0.011123998177357992, 0.0079431949331068598, 0.011865349565897, 
    0.1648799011353346, 0.018477932400627506, 0.026220362010589492, 
    0.017868960316579884, 0.012126657621782923, 0.009334467111628459, 
    0.0084300175725472576, 0.011829141411217712, 0.085196600501082839, 
    0.052556156538815416, 0.014764165211939909, 0.020137570678631998, 
    0.014530661619787919, 0.010763368518104551, 0.0090292197895328885, 
    0.0087042609446665205, 0.011491840091987624, 0.051366883953998674, 
    0.03064713034238422, 0.015484152471521399, 0.011539198023084771, 
    0.019222632162026285, 0.014636670899282224, 0.010913980070276951, 
    0.0084711804052119023, 0.0061466594067565777, 0.0047397415505950335, 
    0.0069216838112973276, 0.027708030944306045, 0.018452057637361078, 
    0.011870424807844277, 0.011020152590458621, 0.017432853944628589, 
    0.013880867352345994, 0.010811685024802209, 0.0086228418985245213, 
    0.006225932213668412, 0.004067996956103141, 0.0025461326026554806, 
    0.0034211779340639278, 0.018932616723652818, 0.014109218191359406, 
    0.01083196765522753, 0.011113337071850884, 0.01112549873778613, 
    0.0090033377804008049, 0.0071951851153905753, 0.0059282586734463643, 
    0.0045782299061975472, 0.0034358472325099676, 0.0029682595030462505, 
    0.0038507005408313462, 0.021582293257311484, 0.015802814812330153, 
    0.0106514386838235, 0.0051721169640698648, 0.0051443280980505643, 
    0.0099133788102203219, 0.0084727488117813214, 0.0071644376587516141, 
    0.0061752552603589594, 0.0049992824201973152, 0.0037590365877197313, 
    0.0020442789818461387, 0.0015054942161341917, 0.001677700006425253, 
    0.010896775088108115, 0.0087161582233159438, 0.0068366119108187254, 
    0.0050736509107740611, 0.0056078920879741199), dim = c(102L, 
    3L), dimnames = list(c("", "", "", "", "", "", "", "", "", 
    "", "", "", "", "", "", "", "", "", "", "", "", "", "", "", 
    "", "", "", "", "", "", "", "", "", "", "", "", "", "", "", 
    "", "", "", "", "", "", "", "", "", "", "", "", "", "", "", 
    "", "", "", "", "", "", "", "", "", "", "", "", "", "", "", 
    "", "", "", "", "", "", "", "", "", "", "", "", "", "", "", 
    "", "", "", "", "", "", "", "", "", "", "", "", "", "", "", 
    "", "", ""), c("m", "Observation", "leverage"))), `Modified Cook distance` = NULL, 
    `t statistics` = structure(list(m = 1:14, `(Intercept)` = c(0, 
    0, 0, -3.9249563074264571, -5.0419236780562358, -5.101280443775245, 
    -5.5883810533413145, -7.2478100027308709, -7.7031472361130096, 
    -8.3161820046388151, -10.791223606449638, -12.33552828983464, 
    -11.780294823899945, -13.990809073990423), dose = c(0, 0, 
    0, 3.4976930097364889, 4.3586838964544423, 4.4042189483896568, 
    5.0101425294093929, 6.3755978133292723, 6.3928312671419087, 
    6.5224334108659123, 8.4317093710120172, 9.5898887645444706, 
    9.9482528592422916, 11.534057967071439), prep2 = c(0, 0, 
    0, 2.0441524727666907, 3.137122082095698, 3.2481396782460545, 
    3.7059717114017547, 4.6318941131906239, 3.8575943171244895, 
    3.3388981968105198, 3.8511064545900027, 3.090091397770375, 
    5.3794171930162351, 3.3923364757243704)), class = "data.frame", row.names = c(NA, 
    -14L)), Family = structure(list(family = "binomial", link = "log", 
        linkfun = function (mu) 
        log(mu), linkinv = function (eta) 
        pmax(exp(eta), .Machine$double.eps), variance = function (mu) 
        mu * (1 - mu), dev.resids = function (y, mu, wt) 
        .Call(C_binomial_dev_resids, y, mu, wt), aic = function (y, 
            n, mu, wt, dev) 
        {
            m <- if (any(n > 1)) 
                n
            else wt
            -2 * sum(ifelse(m > 0, (wt/m), 0) * dbinom(round(m * 
                y), round(m), mu, log = TRUE))
        }, mu.eta = function (eta) 
        pmax(exp(eta), .Machine$double.eps),