test1 <-
structure(list(Observation = 1:95, Treatment = structure(c(1L, 
1L, 1L, 1L, 1L, 1L, 1L, 1L, 1L, 1L, 1L, 1L, 1L, 1L, 1L, 1L, 1L, 
1L, 1L, 1L, 1L, 1L, 1L, 1L, 1L, 1L, 1L, 1L, 1L, 1L, 1L, 1L, 1L, 
1L, 1L, 1L, 1L, 1L, 1L, 1L, 2L, 2L, 2L, 2L, 2L, 2L, 2L, 2L, 2L, 
2L, 2L, 2L, 2L, 2L, 2L, 2L, 2L, 2L, 2L, 2L, 3L, 3L, 3L, 3L, 3L, 
3L, 3L, 3L, 3L, 3L, 3L, 3L, 3L, 3L, 3L, 3L, 3L, 3L, 3L, 3L, 3L, 
3L, 3L, 3L, 3L, 3L, 3L, 3L, 3L, 3L, 3L, 3L, 3L, 3L, 3L), levels = c("A", 
"B", "C"), class = "factor"), PatientID = structure(c(1L, 12L, 
23L, 34L, 45L, 56L, 67L, 78L, 89L, 2L, 3L, 4L, 5L, 6L, 7L, 8L, 
9L, 10L, 11L, 13L, 14L, 15L, 16L, 17L, 18L, 19L, 20L, 21L, 22L, 
24L, 25L, 26L, 27L, 28L, 29L, 30L, 31L, 32L, 33L, 35L, 36L, 37L, 
38L, 39L, 40L, 41L, 42L, 43L, 44L, 46L, 47L, 48L, 49L, 50L, 51L, 
52L, 53L, 54L, 55L, 57L, 58L, 59L, 60L, 61L, 62L, 63L, 64L, 65L, 
66L, 68L, 69L, 70L, 71L, 72L, 73L, 74L, 75L, 76L, 77L, 79L, 80L, 
81L, 82L, 83L, 84L, 85L, 86L, 87L, 88L, 90L, 91L, 92L, 93L, 94L, 
95L), levels = c("P1", "P10", "P11", "P12", "P13", "P14", "P15", 
"P16", "P17", "P18", "P19", "P2", "P20", "P21", "P22", "P23", 
"P24", "P25", "P26", "P27", "P28", "P29", "P3", "P30", "P31", 
"P32", "P33", "P34", "P35", "P36", "P37", "P38", "P39", "P4", 
"P40", "P41", "P42", "P43", "P44", "P45", "P46", "P47", "P48", 
"P49", "P5", "P50", "P51", "P52", "P53", "P54", "P55", "P56", 
"P57", "P58", "P59", "P6", "P60", "P61", "P62", "P63", "P64", 
"P65", "P66", "P67", "P68", "P69", "P7", "P70", "P71", "P72", 
"P73", "P74", "P75", "P76", "P77", "P78", "P79", "P8", "P80", 
"P81", "P82", "P83", "P84", "P85", "P86", "P87", "P88", "P89", 
"P9", "P90", "P91", "P92", "P93", "P94", "P95"), class = "factor"), 
    Sex = structure(c(1L, 1L, 1L, 1L, 1L, 1L, 1L, 1L, 1L, 1L, 
    1L, 1L, 1L, 1L, 2L, 2L, 2L, 2L, 2L, 2L, 2L, 2L, 2L, 2L, 2L, 
    2L, 2L, 2L, 2L, 2L, 2L, 2L, 2L, 2L, 2L, 2L, 2L, 2L, 2L, 2L, 
    1L, 1L, 1L, 1L, 1L, 1L, 1L, 1L, 1L, 1L, 1L, 1L, 1L, 1L, 1L, 
    1L, 1L, 2L, 2L, 2L, 1L, 1L, 1L, 1L, 1L, 1L, 1L, 1L, 1L, 1L, 
    1L, 1L, 1L, 1L, 1L, 1L, 1L, 1L, 1L, 1L, 1L, 1L, 1L, 1L, 1L, 
    1L, 2L, 2L, 2L, 2L, 2L, 2L, 2L, 2L, 2L), levels = c("0", 
    "1"), class = "factor"), Weight = c(150.49796140000001, 153.1573717, 
    161.3596349, 158.00826290000001, 157.5792069, 168.44171750000001, 
    171.4015091, 161.0133051, 153.34939969999999, 153.57279199999999, 
    172.45459779999999, 172.84118770000001, 159.83920230000001, 
    174.73203599999999, 151.65427070000001, 150.55795209999999, 
    169.01785469999999, 150.76811119999999, 166.46531289999999, 
    153.82380520000001, 157.5963414, 156.98837230000001, 151.6373518, 
    152.1241186, 150.02505619999999, 167.68626829999999, 167.7657304, 
    154.36273890000001, 173.36736099999999, 154.0120647, 155.61769870000001, 
    177.47040480000001, 167.7147938, 162.24110089999999, 176.8150516, 
    150.92558840000001, 172.01351869999999, 171.06047380000001, 
    154.38980649999999, 172.3776652, 158.07178440000001, 176.8479993, 
    179.7099394, 153.08362779999999, 158.64988199999999, 171.36957100000001, 
    170.00233639999999, 151.0430878, 163.49967699999999, 171.27647959999999, 
    173.16773520000001, 150.08197680000001, 175.91414399999999, 
    173.0251849, 155.66704669999999, 178.79811599999999, 179.98060480000001, 
    162.97010409999999, 165.55718279999999, 152.85246230000001, 
    156.38695250000001, 165.15037820000001, 157.8486485, 169.8600802, 
    179.37449699999999, 168.25462780000001, 176.26814039999999, 
    160.78075849999999, 155.45571570000001, 166.69942549999999, 
    179.0113972, 161.7121831, 174.82346089999999, 151.28213070000001, 
    161.24443110000001, 166.27243139999999, 160.06275260000001, 
    167.88876200000001, 165.42201069999999, 163.5447183, 179.3125373, 
    150.15199659999999, 158.2154362, 160.71696779999999, 165.17651290000001, 
    166.68899479999999, 165.96023059999999, 160.6468868, 162.52863099999999, 
    168.13319770000001, 169.56955310000001, 150.96508940000001, 
    154.7577752, 151.60779719999999, 171.14214269999999), Response = c(310.8347746, 
    315.30085270000001, 329.59383120000001, 338.28491279999997, 
    327.79171789999998, 336.67184839999999, 334.46114979999999, 
    307.1300233, 302.43572139999998, 302.89869540000001, 322.77614620000003, 
    336.27268409999999, 300.52450160000001, 301.03777070000001, 
    308.4876711, 317.81466360000002, 316.75010880000002, 301.30956709999998, 
    328.68209819999998, 315.7333294, 315.40728840000003, 308.413611, 
    304.54049609999998, 327.40183480000002, 326.37752060000003, 
    330.50239929999998, 302.63644099999999, 334.70138459999998, 
    304.66555360000001, 303.83560610000001, 309.27150460000001, 
    336.29111410000002, 331.900172, 332.48911299999997, 302.37826130000002, 
    310.85154669999997, 328.19920059999998, 318.50589289999999, 
    321.92395629999999, 308.9012262, 328.24435390000002, 313.7526469, 
    326.80759699999999, 301.68277469999998, 323.33884399999999, 
    318.30567359999998, 323.97797630000002, 321.98759589999997, 
    338.32886000000002, 300.48769700000003, 306.88174140000001, 
    318.68379229999999, 315.43549300000001, 324.72510620000003, 
    321.31657250000001, 321.4757118, 315.4672266, 330.27880759999999, 
    300.68447930000002, 324.05243330000002, 324.37780800000002, 
    309.46807059999998, 316.08954219999998, 315.44372099999998, 
    307.70159890000002, 327.72461659999999, 308.50433870000001, 
    309.21147660000003, 302.69940020000001, 316.96638799999999, 
    310.78893879999998, 309.52201430000002, 334.28434909999999, 
    333.52602610000002, 330.24417740000001, 303.52700800000002, 
    314.65625929999999, 338.2701874, 309.48360600000001, 338.8821749, 
    327.5932621, 317.46744319999999, 300.6127232, 319.97098099999999, 
    319.97290759999998, 336.1314994, 333.76569549999999, 300.03694350000001, 
    300.45067169999999, 300.45165960000003, 320.35279639999999, 
    334.13944550000002, 322.66254909999998, 300.27882670000002, 
    318.26221959999998)), row.names = c(NA, -95L), class = "data.frame")
